   652129.12383119343     
   660825.46040371142     
   666677.90179612767     
   661994.75846301264     
   646388.95916924439     
   646129.14323035523     
   679713.72374324419     
   714640.60739650228     
   629073.93743826414     
   326638.80932953843     
   134169.27408472399     
   103883.26109984807     
   101250.64356026717     
   101022.25071218734     
   101001.98512433846     
   101000.18190532700     
   101000.01666840118     
   101000.00152614123     
   101000.00013884826     
   101000.00001258861     
   101000.00000110583     
