   3.8256923367216729     
   3.8521861385741154     
   3.8615077357315122     
   3.8262612097868058     
   3.7388339401262920     
   3.7295606504077470     
   3.8732409435896789     
   4.0540149655736109     
   3.7534303242454499     
   2.4635860904546827     
   1.4639063855284888     
   1.2340231184740020     
   1.2067657706301127     
   1.2042468758500038     
   1.2040220203059619     
   1.2040020095069650     
   1.2040001845670558     
   1.2040000169121876     
   1.2040000015396977     
   1.2040000001398039     
   1.2040000000125872     
