   2251059.4592496399     
   2277377.2029610239     
   2295395.5170535520     
   2268685.4575545168     
   2198801.5521483235     
   2197242.5086857560     
   2345188.0943005267     
   2509417.7994038220     
   2179444.5220113513     
   984132.15295652219     
   353926.41888626514     
   261698.98952880612     
   253314.92739806796     
   252572.50636681652     
   252506.46544275864     
   252500.59000212699     
   252500.05418974516     
   252500.00496548638     
   252500.00045208784     
   252500.00004104438     
   252500.00000369371     
