   569.48629176059728     
   569.84448975617329     
   570.34040431628762     
   565.53141794206090     
   557.95878457268873     
   560.18308042801630     
   579.89701370600199     
   595.39736410701107     
   553.86477555418469     
   320.51627255340145     
   75.701047920305243     
   9.1633751616727164     
  0.85832413944691899     
   7.6793215411120691E-002
   6.8958114697058176E-003
   6.4059008386797476E-004
   5.8759938356771020E-005
   5.3664924568622541E-006
   4.8989749046943600E-007
   4.4454984530687064E-008
   3.9855209363561856E-009
